[38;2;141;230;11m [38;2;149;225;8m_[38;2;156;220;6m_[38;2;164;215;4m_[38;2;171;209;2m_[38;2;178;203;1m_[38;2;185;197;1m_[38;2;192;190;1m_[38;2;198;184;1m_[38;2;204;177;1m_[38;2;210;170;3m_[38;2;216;162;4m_[38;2;221;155;6m_[38;2;226;147;9m_[38;2;231;140;12m_[38;2;235;132;15m_[38;2;239;125;19m_[38;2;242;117;23m_[38;2;245;110;28m_[38;2;248;102;32m_[38;2;250;95;38m_[38;2;252;87;43m_[38;2;253;80;49m_[38;2;254;73;55m_[38;2;254;66;62m_[38;2;254;60;68m_[38;2;254;54;75m_[38;2;253;47;82m_[38;2;251;42;89m_[38;2;250;36;97m_[38;2;247;31;104m_[38;2;245;26;112m_[38;2;241;22;119m_[38;2;238;18;127m_[38;2;234;14;134m_[38;2;229;11;142m_[38;2;225;8;150m_[38;2;220;6;157m_[38;2;214;4;164m_[38;2;209;2;172m_[38;2;203;1;179m_[38;2;196;1;186m_[38;2;190;1;192m_[39m
[38;2;149;225;8m/[38;2;156;220;6m [38;2;164;215;4mW[38;2;171;209;2mh[38;2;178;203;1mi[38;2;185;197;1mt[38;2;192;190;1me[38;2;198;184;1mh[38;2;204;177;1me[38;2;210;170;3ma[38;2;216;162;4md[38;2;221;155;6m'[38;2;226;147;9ms[38;2;231;140;12m [38;2;235;132;15mL[38;2;239;125;19ma[38;2;242;117;23mw[38;2;245;110;28m:[38;2;248;102;32m [38;2;250;95;38m [38;2;252;87;43m [38;2;253;80;49m [38;2;254;73;55m [38;2;254;66;62m [38;2;254;60;68m [38;2;254;54;75m [38;2;253;47;82m [38;2;251;42;89m [38;2;250;36;97m [38;2;247;31;104m [38;2;245;26;112m [38;2;241;22;119m [38;2;238;18;127m [38;2;234;14;134m [38;2;229;11;142m [38;2;225;8;150m [38;2;220;6;157m [38;2;214;4;164m [38;2;209;2;172m [38;2;203;1;179m [38;2;196;1;186m [38;2;190;1;192m [38;2;183;1;199m [38;2;176;2;205m\[39m
[38;2;156;220;6m|[38;2;164;215;4m [38;2;171;209;2m [38;2;178;203;1m [38;2;185;197;1m [38;2;192;190;1m [38;2;198;184;1m [38;2;204;177;1m [38;2;210;170;3m [38;2;216;162;4m [38;2;221;155;6m [38;2;226;147;9m [38;2;231;140;12m [38;2;235;132;15m [38;2;239;125;19m [38;2;242;117;23m [38;2;245;110;28m [38;2;248;102;32m [38;2;250;95;38m [38;2;252;87;43m [38;2;253;80;49m [38;2;254;73;55m [38;2;254;66;62m [38;2;254;60;68m [38;2;254;54;75m [38;2;253;47;82m [38;2;251;42;89m [38;2;250;36;97m [38;2;247;31;104m [38;2;245;26;112m [38;2;241;22;119m [38;2;238;18;127m [38;2;234;14;134m [38;2;229;11;142m [38;2;225;8;150m [38;2;220;6;157m [38;2;214;4;164m [38;2;209;2;172m [38;2;203;1;179m [38;2;196;1;186m [38;2;190;1;192m [38;2;183;1;199m [38;2;176;2;205m [38;2;169;3;211m|[39m
[38;2;164;215;4m\[38;2;171;209;2m [38;2;178;203;1mT[38;2;185;197;1mh[38;2;192;190;1me[38;2;198;184;1m [38;2;204;177;1mo[38;2;210;170;3mb[38;2;216;162;4mv[38;2;221;155;6mi[38;2;226;147;9mo[38;2;231;140;12mu[38;2;235;132;15ms[38;2;239;125;19m [38;2;242;117;23ma[38;2;245;110;28mn[38;2;248;102;32ms[38;2;250;95;38mw[38;2;252;87;43me[38;2;253;80;49mr[38;2;254;73;55m [38;2;254;66;62mi[38;2;254;60;68ms[38;2;254;54;75m [38;2;253;47;82ma[38;2;251;42;89ml[38;2;250;36;97mw[38;2;247;31;104ma[38;2;245;26;112my[38;2;241;22;119ms[38;2;238;18;127m [38;2;234;14;134mo[38;2;229;11;142mv[38;2;225;8;150me[38;2;220;6;157mr[38;2;214;4;164ml[38;2;209;2;172mo[38;2;203;1;179mo[38;2;196;1;186mk[38;2;190;1;192me[38;2;183;1;199md[38;2;176;2;205m.[38;2;169;3;211m [38;2;162;4;216m/[39m
[38;2;171;209;2m [38;2;178;203;1m-[38;2;185;197;1m-[38;2;192;190;1m-[38;2;198;184;1m-[38;2;204;177;1m-[38;2;210;170;3m-[38;2;216;162;4m-[38;2;221;155;6m-[38;2;226;147;9m-[38;2;231;140;12m-[38;2;235;132;15m-[38;2;239;125;19m-[38;2;242;117;23m-[38;2;245;110;28m-[38;2;248;102;32m-[38;2;250;95;38m-[38;2;252;87;43m-[38;2;253;80;49m-[38;2;254;73;55m-[38;2;254;66;62m-[38;2;254;60;68m-[38;2;254;54;75m-[38;2;253;47;82m-[38;2;251;42;89m-[38;2;250;36;97m-[38;2;247;31;104m-[38;2;245;26;112m-[38;2;241;22;119m-[38;2;238;18;127m-[38;2;234;14;134m-[38;2;229;11;142m-[38;2;225;8;150m-[38;2;220;6;157m-[38;2;214;4;164m-[38;2;209;2;172m-[38;2;203;1;179m-[38;2;196;1;186m-[38;2;190;1;192m-[38;2;183;1;199m-[38;2;176;2;205m-[38;2;169;3;211m-[38;2;162;4;216m-[39m
[38;2;178;203;1m [38;2;185;197;1m [38;2;192;190;1m\[38;2;198;184;1m [38;2;204;177;1m [38;2;210;170;3m [38;2;216;162;4m [38;2;221;155;6m [38;2;226;147;9m [38;2;231;140;12m [38;2;235;132;15m [38;2;239;125;19m [38;2;242;117;23m [38;2;245;110;28m [38;2;248;102;32m [38;2;250;95;38m.[38;2;252;87;43m [38;2;253;80;49m [38;2;254;73;55m [38;2;254;66;62m [38;2;254;60;68m.[38;2;254;54;75m [38;2;253;47;82m [38;2;251;42;89m [38;2;250;36;97m [38;2;247;31;104m [38;2;245;26;112m.[38;2;241;22;119m [38;2;238;18;127m [38;2;234;14;134m [39m
[38;2;185;197;1m [38;2;192;190;1m [38;2;198;184;1m [38;2;204;177;1m\[38;2;210;170;3m [38;2;216;162;4m [38;2;221;155;6m [38;2;226;147;9m [38;2;231;140;12m [38;2;235;132;15m [38;2;239;125;19m.[38;2;242;117;23m [38;2;245;110;28m [38;2;248;102;32m.[38;2;250;95;38m [38;2;252;87;43m.[38;2;253;80;49m [38;2;254;73;55m [38;2;254;66;62m [38;2;254;60;68m [38;2;254;54;75m [38;2;253;47;82m`[38;2;251;42;89m [38;2;250;36;97m [38;2;247;31;104m,[38;2;245;26;112m [38;2;241;22;119m [38;2;238;18;127m [38;2;234;14;134m [38;2;229;11;142m [39m
[38;2;192;190;1m [38;2;198;184;1m [38;2;204;177;1m [38;2;210;170;3m [38;2;216;162;4m\[38;2;221;155;6m [38;2;226;147;9m [38;2;231;140;12m [38;2;235;132;15m [38;2;239;125;19m.[38;2;242;117;23m;[38;2;245;110;28m [38;2;248;102;32m.[38;2;250;95;38m [38;2;252;87;43m [38;2;253;80;49m:[38;2;254;73;55m [38;2;254;66;62m.[38;2;254;60;68m'[38;2;254;54;75m [38;2;253;47;82m:[38;2;251;42;89m [38;2;250;36;97m [38;2;247;31;104m:[38;2;245;26;112m [38;2;241;22;119m [38;2;238;18;127m:[38;2;234;14;134m [38;2;229;11;142m.[38;2;225;8;150m [39m
[38;2;198;184;1m [38;2;204;177;1m [38;2;210;170;3m [38;2;216;162;4m [38;2;221;155;6m [38;2;226;147;9m\[38;2;231;140;12m [38;2;235;132;15m [38;2;239;125;19m [38;2;242;117;23mi[38;2;245;110;28m.[38;2;248;102;32m.[38;2;250;95;38m`[38;2;252;87;43m:[38;2;253;80;49m [38;2;254;73;55mi[38;2;254;66;62m`[38;2;254;60;68m [38;2;254;54;75mi[38;2;253;47;82m.[38;2;251;42;89mi[38;2;250;36;97m.[38;2;247;31;104m,[38;2;245;26;112mi[38;2;241;22;119m [38;2;238;18;127m [38;2;234;14;134mi[38;2;229;11;142m [38;2;225;8;150m.[38;2;220;6;157m [39m
[38;2;204;177;1m [38;2;210;170;3m [38;2;216;162;4m [38;2;221;155;6m [38;2;226;147;9m [38;2;231;140;12m [38;2;235;132;15m\[38;2;239;125;19m [38;2;242;117;23m [38;2;245;110;28m [38;2;248;102;32m`[38;2;250;95;38m,[38;2;252;87;43m-[38;2;253;80;49m-[38;2;254;73;55m.[38;2;254;66;62m|[38;2;254;60;68mi[38;2;254;54;75m [38;2;253;47;82m|[38;2;251;42;89mi[38;2;250;36;97m|[38;2;247;31;104mi[38;2;245;26;112mi[38;2;241;22;119m|[38;2;238;18;127mi[38;2;234;14;134mi[38;2;229;11;142m|[38;2;225;8;150mi[38;2;220;6;157m:[38;2;214;4;164m [39m
[38;2;210;170;3m [38;2;216;162;4m [38;2;221;155;6m [38;2;226;147;9m [38;2;231;140;12m [38;2;235;132;15m [38;2;239;125;19m [38;2;242;117;23m [38;2;245;110;28m [38;2;248;102;32m [38;2;250;95;38m [38;2;252;87;43mU[38;2;253;80;49mo[38;2;254;73;55mo[38;2;254;66;62mU[38;2;254;60;68m\[38;2;254;54;75m.[38;2;253;47;82m'[38;2;251;42;89m@[38;2;250;36;97m@[38;2;247;31;104m@[38;2;245;26;112m@[38;2;241;22;119m@[38;2;238;18;127m@[38;2;234;14;134m`[38;2;229;11;142m.[38;2;225;8;150m|[38;2;220;6;157m|[38;2;214;4;164m'[38;2;209;2;172m [39m
[38;2;216;162;4m [38;2;221;155;6m [38;2;226;147;9m [38;2;231;140;12m [38;2;235;132;15m [38;2;239;125;19m [38;2;242;117;23m [38;2;245;110;28m [38;2;248;102;32m [38;2;250;95;38m [38;2;252;87;43m [38;2;253;80;49m\[38;2;254;73;55m_[38;2;254;66;62m_[38;2;254;60;68m/[38;2;254;54;75m([38;2;253;47;82m@[38;2;251;42;89m@[38;2;250;36;97m@[38;2;247;31;104m@[38;2;245;26;112m@[38;2;241;22;119m@[38;2;238;18;127m@[38;2;234;14;134m@[38;2;229;11;142m@[38;2;225;8;150m@[38;2;220;6;157m)[38;2;214;4;164m'[38;2;209;2;172m [38;2;203;1;179m [39m
[38;2;221;155;6m [38;2;226;147;9m [38;2;231;140;12m [38;2;235;132;15m [38;2;239;125;19m [38;2;242;117;23m [38;2;245;110;28m [38;2;248;102;32m [38;2;250;95;38m [38;2;252;87;43m [38;2;253;80;49m [38;2;254;73;55m [38;2;254;66;62m [38;2;254;60;68m [38;2;254;54;75m [38;2;253;47;82m [38;2;251;42;89m([38;2;250;36;97m@[38;2;247;31;104m@[38;2;245;26;112m@[38;2;241;22;119m@[38;2;238;18;127m@[38;2;234;14;134m@[38;2;229;11;142m@[38;2;225;8;150m@[38;2;220;6;157m)[38;2;214;4;164m [38;2;209;2;172m [38;2;203;1;179m [38;2;196;1;186m [39m
[38;2;226;147;9m [38;2;231;140;12m [38;2;235;132;15m [38;2;239;125;19m [38;2;242;117;23m [38;2;245;110;28m [38;2;248;102;32m [38;2;250;95;38m [38;2;252;87;43m [38;2;253;80;49m [38;2;254;73;55m [38;2;254;66;62m [38;2;254;60;68m [38;2;254;54;75m [38;2;253;47;82m [38;2;251;42;89m [38;2;250;36;97m`[38;2;247;31;104mY[38;2;245;26;112mY[38;2;241;22;119m~[38;2;238;18;127m~[38;2;234;14;134m~[38;2;229;11;142m~[38;2;225;8;150mY[38;2;220;6;157mY[38;2;214;4;164m'[38;2;209;2;172m [38;2;203;1;179m [38;2;196;1;186m [38;2;190;1;192m [39m
[38;2;231;140;12m [38;2;235;132;15m [38;2;239;125;19m [38;2;242;117;23m [38;2;245;110;28m [38;2;248;102;32m [38;2;250;95;38m [38;2;252;87;43m [38;2;253;80;49m [38;2;254;73;55m [38;2;254;66;62m [38;2;254;60;68m [38;2;254;54;75m [38;2;253;47;82m [38;2;251;42;89m [38;2;250;36;97m [38;2;247;31;104m [38;2;245;26;112m|[38;2;241;22;119m|[38;2;238;18;127m [38;2;234;14;134m [38;2;229;11;142m [38;2;225;8;150m [38;2;220;6;157m|[38;2;214;4;164m|[38;2;209;2;172m [38;2;203;1;179m [38;2;196;1;186m [38;2;190;1;192m [38;2;183;1;199m [39m

[1m[36mmini-coder/ux-walk-20260924[0m on [1m[35m feat-initial-0.8.x[0m [1m[31m[?⇡][0m
[1m[32m❯[0m script -q -O smoke.log
[38;2;201;1;181m [38;2;194;1;188m_[38;2;188;1;194m_[38;2;181;1;201m_[38;2;174;2;207m_[38;2;167;3;213m_[38;2;159;5;218m_[38;2;152;7;223m_[38;2;144;10;228m_[38;2;137;13;233m_[38;2;129;17;237m_[38;2;122;21;240m_[38;2;114;25;244m_[38;2;106;30;246m_[38;2;99;35;249m_[38;2;92;40;251m_[38;2;84;46;253m_[38;2;77;52;254m_[38;2;70;58;254m_[38;2;64;64;254m_[38;2;57;71;254m_[38;2;51;78;254m_[38;2;45;85;252m_[38;2;39;92;251m_[38;2;34;100;249m_[38;2;29;107;246m_[38;2;24;115;243m_[38;2;20;122;240m_[38;2;16;130;236m_[38;2;13;138;232m_[38;2;10;145;228m_[38;2;7;153;223m_[38;2;5;160;218m_[38;2;3;167;212m_[38;2;2;175;206m_[38;2;1;182;200m_[38;2;1;188;194m_[38;2;1;195;187m_[38;2;1;201;180m_[38;2;2;207;173m_[38;2;3;213;166m_[38;2;5;219;159m_[38;2;8;224;151m_[38;2;10;228;144m_[38;2;13;233;136m_[38;2;17;237;129m_[38;2;21;241;121m_[38;2;25;244;113m_[38;2;30;247;106m_[38;2;35;249;98m_[38;2;40;251;91m_[38;2;46;253;84m_[38;2;52;254;77m_[38;2;58;254;70m_[38;2;65;254;63m_[38;2;72;254;57m_[38;2;79;253;50m_[38;2;86;252;45m_[38;2;93;251;39m_[38;2;100;249;34m_[38;2;108;246;29m_[38;2;115;243;24m_[38;2;123;240;20m_[38;2;131;236;16m_[38;2;138;232;13m_[38;2;146;227;10m_[38;2;153;222;7m_[38;2;161;217;5m_[38;2;168;211;3m_[38;2;175;206;2m_[38;2;182;199;1m_[38;2;189;193;1m_[38;2;195;186;1m_[38;2;202;180;1m_[38;2;208;173;2m_[38;2;214;165;4m_[38;2;219;158;5m_[39m
[38;2;194;1;188m/[38;2;188;1;194m [38;2;181;1;201m [38;2;174;2;207mT[38;2;167;3;213mh[38;2;159;5;218me[38;2;152;7;223m [38;2;144;10;228mj[38;2;137;13;233mu[38;2;129;17;237md[38;2;122;21;240mg[38;2;114;25;244me[38;2;106;30;246m [38;2;99;35;249mf[38;2;92;40;251mi[38;2;84;46;253mn[38;2;77;52;254me[38;2;70;58;254md[38;2;64;64;254m [38;2;57;71;254mt[38;2;51;78;254mh[38;2;45;85;252me[38;2;39;92;251m [38;2;34;100;249mj[38;2;29;107;246ma[38;2;24;115;243my[38;2;20;122;240mw[38;2;16;130;236ma[38;2;13;138;232ml[38;2;10;145;228mk[38;2;7;153;223me[38;2;5;160;218mr[38;2;3;167;212m [38;2;2;175;206mf[38;2;1;182;200mi[38;2;1;188;194mf[38;2;1;195;187mt[38;2;1;201;180my[38;2;2;207;173m [38;2;3;213;166md[38;2;5;219;159mo[38;2;8;224;151ml[38;2;10;228;144ml[38;2;13;233;136ma[38;2;17;237;129mr[38;2;21;241;121ms[38;2;25;244;113m [38;2;30;247;106ma[38;2;35;249;98mn[38;2;40;251;91md[38;2;46;253;84m [38;2;52;254;77mt[38;2;58;254;70mo[38;2;65;254;63ml[38;2;72;254;57md[38;2;79;253;50m [38;2;86;252;45mh[38;2;93;251;39mi[38;2;100;249;34mm[38;2;108;246;29m [38;2;115;243;24mi[38;2;123;240;20mf[38;2;131;236;16m [38;2;138;232;13mh[38;2;146;227;10me[38;2;153;222;7m [38;2;161;217;5mw[38;2;168;211;3ma[38;2;175;206;2ms[38;2;182;199;1m [38;2;189;193;1mc[38;2;195;186;1ma[38;2;202;180;1mu[38;2;208;173;2mg[38;2;214;165;4mh[38;2;219;158;5mt[38;2;224;151;8m [38;2;229;143;11m\[39m
[38;2;188;1;194m\[38;2;181;1;201m [38;2;174;2;207ma[38;2;167;3;213mg[38;2;159;5;218ma[38;2;152;7;223mi[38;2;144;10;228mn[38;2;137;13;233m,[38;2;129;17;237m [38;2;122;21;240mh[38;2;114;25;244me[38;2;106;30;246m [38;2;99;35;249mw[38;2;92;40;251mo[38;2;84;46;253mu[38;2;77;52;254ml[38;2;70;58;254md[38;2;64;64;254m [38;2;57;71;254mb[38;2;51;78;254me[38;2;45;85;252m [38;2;39;92;251mt[38;2;34;100;249mh[38;2;29;107;246mr[38;2;24;115;243mo[38;2;20;122;240mw[38;2;16;130;236mn[38;2;13;138;232m [38;2;10;145;228mi[38;2;7;153;223mn[38;2;5;160;218m [38;2;3;167;212mj[38;2;2;175;206ma[38;2;1;182;200mi[38;2;1;188;194ml[38;2;1;195;187m.[38;2;1;201;180m [38;2;2;207;173mF[38;2;3;213;166mi[38;2;5;219;159mn[38;2;8;224;151me[38;2;10;228;144m [38;2;13;233;136mt[38;2;17;237;129mo[38;2;21;241;121md[38;2;25;244;113ma[38;2;30;247;106my[38;2;35;249;98m,[38;2;40;251;91m [38;2;46;253;84mc[38;2;52;254;77mo[38;2;58;254;70mo[38;2;65;254;63ml[38;2;72;254;57me[38;2;79;253;50mr[38;2;86;252;45m [38;2;93;251;39mt[38;2;100;249;34mo[38;2;108;246;29mm[38;2;115;243;24mo[38;2;123;240;20mr[38;2;131;236;16mr[38;2;138;232;13mo[38;2;146;227;10mw[38;2;153;222;7m.[38;2;161;217;5m [38;2;168;211;3m [38;2;175;206;2m [38;2;182;199;1m [38;2;189;193;1m [38;2;195;186;1m [38;2;202;180;1m [38;2;208;173;2m [38;2;214;165;4m [38;2;219;158;5m [38;2;224;151;8m [38;2;229;143;11m [38;2;233;135;14m/[39m
[38;2;181;1;201m [38;2;174;2;207m-[38;2;167;3;213m-[38;2;159;5;218m-[38;2;152;7;223m-[38;2;144;10;228m-[38;2;137;13;233m-[38;2;129;17;237m-[38;2;122;21;240m-[38;2;114;25;244m-[38;2;106;30;246m-[38;2;99;35;249m-[38;2;92;40;251m-[38;2;84;46;253m-[38;2;77;52;254m-[38;2;70;58;254m-[38;2;64;64;254m-[38;2;57;71;254m-[38;2;51;78;254m-[38;2;45;85;252m-[38;2;39;92;251m-[38;2;34;100;249m-[38;2;29;107;246m-[38;2;24;115;243m-[38;2;20;122;240m-[38;2;16;130;236m-[38;2;13;138;232m-[38;2;10;145;228m-[38;2;7;153;223m-[38;2;5;160;218m-[38;2;3;167;212m-[38;2;2;175;206m-[38;2;1;182;200m-[38;2;1;188;194m-[38;2;1;195;187m-[38;2;1;201;180m-[38;2;2;207;173m-[38;2;3;213;166m-[38;2;5;219;159m-[38;2;8;224;151m-[38;2;10;228;144m-[38;2;13;233;136m-[38;2;17;237;129m-[38;2;21;241;121m-[38;2;25;244;113m-[38;2;30;247;106m-[38;2;35;249;98m-[38;2;40;251;91m-[38;2;46;253;84m-[38;2;52;254;77m-[38;2;58;254;70m-[38;2;65;254;63m-[38;2;72;254;57m-[38;2;79;253;50m-[38;2;86;252;45m-[38;2;93;251;39m-[38;2;100;249;34m-[38;2;108;246;29m-[38;2;115;243;24m-[38;2;123;240;20m-[38;2;131;236;16m-[38;2;138;232;13m-[38;2;146;227;10m-[38;2;153;222;7m-[38;2;161;217;5m-[38;2;168;211;3m-[38;2;175;206;2m-[38;2;182;199;1m-[38;2;189;193;1m-[38;2;195;186;1m-[38;2;202;180;1m-[38;2;208;173;2m-[38;2;214;165;4m-[38;2;219;158;5m-[38;2;224;151;8m-[38;2;229;143;11m-[38;2;233;135;14m-[39m
[38;2;174;2;207m [38;2;167;3;213m [38;2;159;5;218m\[39m
[38;2;167;3;213m [38;2;159;5;218m [38;2;152;7;223m [38;2;144;10;228m\[38;2;137;13;233m [38;2;129;17;237m [38;2;122;21;240m [38;2;114;25;244m [38;2;106;30;246m([38;2;99;35;249m_[38;2;92;40;251m_[38;2;84;46;253m)[38;2;77;52;254m [38;2;70;58;254m [38;2;64;64;254m [38;2;57;71;254m [38;2;51;78;254m [38;2;45;85;252m [38;2;39;92;251m [38;2;34;100;249m [38;2;29;107;246m [38;2;24;115;243m [38;2;20;122;240m [38;2;16;130;236m [38;2;13;138;232m [38;2;10;145;228m [38;2;7;153;223m [39m
[38;2;159;5;218m [38;2;152;7;223m [38;2;144;10;228m [38;2;137;13;233m [38;2;129;17;237m [38;2;122;21;240m [38;2;114;25;244m [38;2;106;30;246m [38;2;99;35;249mo[38;2;92;40;251m [38;2;84;46;253mo[38;2;77;52;254m\[38;2;70;58;254m [38;2;64;64;254m [38;2;57;71;254m [38;2;51;78;254m [38;2;45;85;252m [38;2;39;92;251m [38;2;34;100;249m [38;2;29;107;246m [38;2;24;115;243m [38;2;20;122;240m [38;2;16;130;236m [38;2;13;138;232m [38;2;10;145;228m [38;2;7;153;223m [38;2;5;160;218m [39m
[38;2;152;7;223m [38;2;144;10;228m [38;2;137;13;233m [38;2;129;17;237m [38;2;122;21;240m [38;2;114;25;244m [38;2;106;30;246m [38;2;99;35;249m([38;2;92;40;251m'[38;2;84;46;253m'[38;2;77;52;254m)[38;2;70;58;254m [38;2;64;64;254m\[38;2;57;71;254m-[38;2;51;78;254m-[38;2;45;85;252m-[38;2;39;92;251m-[38;2;34;100;249m-[38;2;29;107;246m-[38;2;24;115;243m-[38;2;20;122;240m-[38;2;16;130;236m-[38;2;13;138;232m [38;2;10;145;228m [38;2;7;153;223m [38;2;5;160;218m [38;2;3;167;212m [39m
[38;2;144;10;228m [38;2;137;13;233m [38;2;129;17;237m [38;2;122;21;240m [38;2;114;25;244m [38;2;106;30;246m [38;2;99;35;249m [38;2;92;40;251m [38;2;84;46;253m [38;2;77;52;254m [38;2;70;58;254m\[38;2;64;64;254m [38;2;57;71;254m [38;2;51;78;254m [38;2;45;85;252m [38;2;39;92;251m [38;2;34;100;249m [38;2;29;107;246m [38;2;24;115;243m [38;2;20;122;240m [38;2;16;130;236m [38;2;13;138;232m [38;2;10;145;228m\[38;2;7;153;223m [38;2;5;160;218m [38;2;3;167;212m [38;2;2;175;206m [39m
[38;2;137;13;233m [38;2;129;17;237m [38;2;122;21;240m [38;2;114;25;244m [38;2;106;30;246m [38;2;99;35;249m [38;2;92;40;251m [38;2;84;46;253m [38;2;77;52;254m [38;2;70;58;254m [38;2;64;64;254m [38;2;57;71;254m|[38;2;51;78;254m [38;2;45;85;252m [38;2;39;92;251m [38;2;34;100;249m [38;2;29;107;246m [38;2;24;115;243m [38;2;20;122;240m [38;2;16;130;236m [38;2;13;138;232m [38;2;10;145;228m [38;2;7;153;223m|[38;2;5;160;218m\[38;2;3;167;212m [38;2;2;175;206m [38;2;1;182;200m [39m
[38;2;129;17;237m [38;2;122;21;240m [38;2;114;25;244m [38;2;106;30;246m [38;2;99;35;249m [38;2;92;40;251m [38;2;84;46;253m [38;2;77;52;254m [38;2;70;58;254m [38;2;64;64;254m [38;2;57;71;254m [38;2;51;78;254m|[38;2;45;85;252m|[38;2;39;92;251m-[38;2;34;100;249m-[38;2;29;107;246m-[38;2;24;115;243m([38;2;20;122;240m [38;2;16;130;236m [38;2;13;138;232m)[38;2;10;145;228m_[38;2;7;153;223m|[38;2;5;160;218m|[38;2;3;167;212m [38;2;2;175;206m*[38;2;1;182;200m [38;2;1;188;194m [39m
[38;2;122;21;240m [38;2;114;25;244m [38;2;106;30;246m [38;2;99;35;249m [38;2;92;40;251m [38;2;84;46;253m [38;2;77;52;254m [38;2;70;58;254m [38;2;64;64;254m [38;2;57;71;254m [38;2;51;78;254m [38;2;45;85;252m|[38;2;39;92;251m|[38;2;34;100;249m [38;2;29;107;246m [38;2;24;115;243m [38;2;20;122;240m [38;2;16;130;236mU[38;2;13;138;232mU[38;2;10;145;228m [38;2;7;153;223m [38;2;5;160;218m|[38;2;3;167;212m|[38;2;2;175;206m [38;2;1;182;200m [38;2;1;188;194m [38;2;1;195;187m [39m
[38;2;114;25;244m [38;2;106;30;246m [38;2;99;35;249m [38;2;92;40;251m [38;2;84;46;253m [38;2;77;52;254m [38;2;70;58;254m [38;2;64;64;254m [38;2;57;71;254m [38;2;51;78;254m [38;2;45;85;252m [38;2;39;92;251m=[38;2;34;100;249m=[38;2;29;107;246m [38;2;24;115;243m [38;2;20;122;240m [38;2;16;130;236m [38;2;13;138;232m [38;2;10;145;228m [38;2;7;153;223m [38;2;5;160;218m [38;2;3;167;212m=[38;2;2;175;206m=[38;2;1;182;200m [38;2;1;188;194m [38;2;1;195;187m [38;2;1;201;180m [39m

[1m[36mmini-coder/ux-walk-20260924[0m on [1m[35m feat-initial-0.8.x[0m [1m[31m[?⇡][0m
[1m[32m❯[0m node /home/xonecas/src/agents/mini-coder/src/cli.ts
mini-coder · opencode-go/deepseek-v4.1-flash
[2mctx 404/1M · 0%[0m

